chr	beg	end	size	log2	p.value	id
chr1	154596205	154637196	40992	0.735211654467913	0	32
chr1	30139369	30164988	25620	-0.640462435853193	1.76179218509921e-216	127
chr1	16335313	16401924	66612	-0.775183579924428	0	90
chr1	22437997	22473864	35868	-0.69288752277936	0	118
chr1	6297397	6353760	56364	-0.814875822444332	0	71
chr1	18374665	18487392	112728	-0.719515373049485	0	102
chr1	150553369	150594360	40992	0.69130043218368	0	18
chr1	29765317	29790936	25620	-0.76388141256124	2.73199764156684e-298	125
chr1	150174193	150204936	30744	0.726148231889543	0	16
chr1	2772085	2859192	87108	-0.832993429901483	0	44
chr1	4406641	4442508	35868	-0.687626541178365	0	55
chr1	153786613	153894216	107604	0.772224260980427	0	27
chr1	11575117	11605860	30744	-0.837900439693524	0	84
chr1	17908381	18015984	107604	-0.791926332541833	0	95
chr1	4642345	4683336	40992	-0.71959491100493	0	57
chr1	150783949	150809568	25620	0.694291241236071	6.59057407941612e-243	20
chr1	19025413	19076652	51240	-0.700485572456147	0	109
chr1	228535525	228571392	35868	-0.839761875199896	0	151
chr1	15366877	15392496	25620	-0.717074050972312	3.6815684227234e-266	89
chr1	146305573	146331192	25620	-1.42850819744769	0	148
chr1	154329757	154355376	25620	0.722897124918594	4.40845851542901e-261	31
chr1	155446789	155492904	46116	0.70433226022058	0	35
chr1	145941769	145967388	25620	1.06334489888198	0	11
chr1	7475917	7578396	102480	-0.872707441049001	0	78
chr1	17718793	17744412	25620	-0.668874265395642	1.85601468928581e-234	93
chr1	18692353	18717972	25620	-0.711600703247705	1.7340313303425e-262	106
chr1	154027441	154124796	97356	0.770656706610228	0	29
chr1	5764501	5795244	30744	-0.705521873621673	0	65
chr1	37400077	37435944	35868	-0.724872380568116	0	138
chr1	20629225	20654844	25620	-0.673706465329187	1.43643482153933e-237	114
chr1	4703833	4862676	158844	-0.819717672130563	0	58
chr1	150081961	150107580	25620	0.729361390393113	2.99281837348978e-265	15
chr1	37297597	37338588	40992	-0.670533114830455	0	137
chr1	8403361	8428980	25620	-0.689171128489654	1.25322744625206e-247	81
chr1	5200861	5226480	25620	-0.626463623638683	7.9342906097189e-208	60
chr1	18313177	18349044	35868	-0.662540362928655	0	101
chr1	6543349	6574092	30744	-0.775897163180801	0	73
chr1	13353145	13399260	46116	-0.99575197234795	0	86
chr1	7147981	7173600	25620	-0.670497447010847	1.67950217854908e-235	76
chr1	5421193	5498052	76860	-0.680928599954124	0	62
chr1	6051445	6077064	25620	-0.752666527118795	1.77230510880861e-290	67
chr1	37441069	37466688	25620	-0.73876927325484	6.77600596767067e-281	139
chr1	30257221	30282840	25620	-0.700777730097496	2.80612327061462e-255	129
chr1	150338161	150404772	66612	0.717240524082211	0	17
chr1	630253	660996	30744	1.20481732483486	0	2
chr1	19117645	19153512	35868	-0.725907384105267	0	110
chr1	10678417	10791144	112728	-0.830821114180864	0	82
chr1	121408057	121433676	25620	-0.880304246736653	0	147
chr1	150035845	150066588	30744	0.647393202094005	4.02675243809196e-267	14
chr1	34407661	34448652	40992	-0.657467116399435	0	135
chr1	19240621	19281612	40992	-0.683919826836833	0	112
chr1	6118057	6174420	56364	-0.769452591261151	0	69
chr1	119522425	119553168	30744	-0.695304963003397	0	145
chr1	3581677	3663660	81984	-0.8705372955418	0	49
chr1	151388581	151424448	35868	0.699103288216155	0	24
chr1	37523053	37548672	25620	-0.653115717429505	2.02864725485416e-224	140
chr1	29632093	29662836	30744	-0.762196249786262	0	124
chr1	18538633	18666732	128100	-0.739951341556828	0	104
chr1	30528793	30615900	87108	-0.733907383037166	0	131
chr1	22935025	22981140	46116	-0.689475044357047	0	121
chr1	7609141	7634760	25620	-0.783663231476606	0	79
chr1	151045273	151091388	46116	0.708107245330243	0	23
chr1	18051853	18077472	25620	-0.641503647949151	3.95229879284831e-217	96
chr1	30093253	30129120	35868	-0.708913405862392	0	126
chr1	2977045	3361344	384300	-0.94835127456705	0	47
chr1	72776173	72801792	25620	Inf	NA	8
chr1	18154333	18179952	25620	-0.69730187257017	5.59668333734846e-253	98
chr1	155759353	155800344	40992	0.687545211162873	0	37
chr1	22151053	22186920	35868	-0.686270659712246	0	117
chr1	2597869	2643984	46116	-0.798346095939984	0	43
chr1	1496209	1526952	30744	0.665383959608089	9.94444927256898e-281	5
chr1	155113729	155139348	25620	0.809409441243118	0	33
chr1	150809569	150845436	35868	0.751003458521155	0	21
chr1	5498053	5533920	35868	-0.687863065981893	0	63
chr1	1726789	1803648	76860	0.752654412806573	0	7
chr1	153668761	153704628	35868	0.748025456446945	0	26
chr1	7660381	7752612	92232	-0.806352779028875	0	80
chr1	22571221	22601964	30744	-0.686106767325446	1.72507129493846e-306	119
chr1	18200449	18226068	25620	-0.689091457493434	1.41334112859135e-247	99
chr1	6476737	6538224	61488	-0.766479937080459	0	72
chr1	7009633	7035252	25620	-0.666944538207678	3.21195955355967e-233	74
chr1	5323837	5354580	30744	-0.732236113521829	0	61
chr1	18953677	18979296	25620	-0.776133178398693	6.65979802801312e-307	108
chr1	20675341	20706084	30744	-0.668148008660312	5.93382051436385e-292	115
chr1	17016805	17047548	30744	-0.709204595723478	0	92
chr1	18492517	18528384	35868	-0.701377621469248	0	103
chr1	144363577	144394320	30744	1.2939578270234	0	10
chr1	20465257	20501124	35868	-0.74273957535678	0	113
chr1	228750733	228781476	30744	-1.11110976104084	0	152
chr1	53540677	53571420	30744	-0.687381337337522	1.56751548117408e-307	142
chr1	16458289	16483908	25620	-0.643234113104917	3.28395424096949e-218	91
chr1	3366469	3535560	169092	-1.07256507000471	0	48
chr1	18856321	18907560	51240	-0.637274019338946	0	107
chr1	15167041	15197784	30744	-0.678124215201234	5.37732287732669e-300	87
chr1	7399057	7440048	40992	-0.684032795068014	0	77
chr1	30872101	30897720	25620	-0.80967410278998	0	133
chr1	228069241	228094860	25620	-0.800459053416853	0	149
chr1	23073373	23216844	143472	-0.712097612508412	0	123
chr1	3679033	3709776	30744	-0.712009814243614	0	50
chr1	248759953	248790696	30744	Inf	NA	39
chr1	5554417	5580036	25620	-0.749752620028571	1.84851247088853e-288	64
chr1	18082597	18123588	40992	-0.733407960106748	0	97
chr1	2362165	2454396	92232	-0.742321952633105	0	41
chr1	148775341	148800960	25620	0.847616207826546	0	12
chr1	4160689	4206804	46116	-0.665666935596255	0	52
chr1	4534741	4596228	61488	-0.715386813305746	0	56
chr1	2879689	2905308	25620	-0.724774214033239	2.33393793070898e-271	45
chr1	5866981	5954088	87108	-0.846716230093868	0	66
chr1	150625105	150696840	71736	0.77402422592514	0	19
chr1	4375897	4406640	30744	-0.730151899679827	0	54
chr1	6179545	6246156	66612	-0.778257729386754	0	70
chr1	6092437	6118056	25620	-0.705173242246819	3.38081514061803e-258	68
chr1	51241	92232	40992	0.807244602049791	0	1
chr1	15269521	15295140	25620	-0.715136987450828	7.37944242532176e-265	88
chr1	21915349	21956340	40992	-0.763040572496766	0	116
chr1	37246357	37271976	25620	-0.669218881725991	1.11481579649907e-234	136
chr1	154247773	154278516	30744	0.736571335755018	0	30
chr1	48227089	48252708	25620	-0.667846822704391	8.47491716172609e-234	141
chr1	55503169	55533912	30744	-0.692115852003968	0	144
chr1	18272185	18302928	30744	-0.66971554193873	3.27345740234592e-293	100
chr1	153545785	153571404	25620	0.785328449125043	3.21223990953269e-302	25
chr1	30211105	30236724	25620	-0.747324448466976	8.81061896246069e-287	128
chr1	153960829	154017192	56364	0.773685446270553	0	28
chr1	22863289	22935024	71736	-0.800950417383311	0	120
chr1	249159625	249200616	40992	0.733816769363312	0	40
chr1	10801393	10827012	25620	-0.652322566432944	6.42761647727197e-224	83
chr1	7101865	7132608	30744	-0.729354401159049	0	75
chr1	32194093	32224836	30744	-0.668397036562261	3.74597028167599e-292	134
chr1	5016397	5042016	25620	-0.707657968616251	7.47507343291165e-260	59
chr1	228458665	228484284	25620	-0.821357162771325	0	150
chr1	30349453	30375072	25620	-0.640098674941767	2.96859417755725e-216	130
chr1	4211929	4242672	30744	-0.71705511676474	0	53
chr1	22981141	23011884	30744	-0.67883253098789	1.43362675438519e-300	122
chr1	53981341	54012084	30744	-0.714174143098101	0	143
chr1	150845437	150896676	51240	0.695618508379478	0	22
chr1	2469769	2500512	30744	-0.706568992424079	0	42
chr1	2930929	2956548	25620	-0.715640926898517	3.38470434116084e-265	46
chr1	149994853	150035844	40992	0.730998366013891	0	13
chr1	18666733	18692352	25620	-0.631076875163478	1.15601467543491e-210	105
chr1	1598689	1629432	30744	0.662471337805875	1.64886182534599e-278	6
chr1	12640909	12666528	25620	-0.65329559007871	1.56158164518903e-224	85
chr1	155492905	155533896	40992	0.707658804407353	0	36
chr1	727609	753228	25620	0.791886492148972	1.19365642465033e-306	3
chr1	17877637	17908380	30744	-0.71590180890989	0	94
chr1	4109449	4155564	46116	-0.731490941314629	0	51
chr1	19174009	19225248	51240	-0.723502660108426	0	111
chr1	120265405	120291024	25620	-0.652721632699212	3.5983948038447e-224	146
chr1	144266221	144302088	35868	2.30845739671851	0	9
chr1	155877205	155907948	30744	0.690051232432927	8.89002068792654e-300	38
chr1	794221	835212	40992	0.772158249198886	0	4
chr1	155308441	155395548	87108	0.683253556092946	0	34
chr1	30784993	30810612	25620	-0.827496321805548	0	132
